-214.415516
-215.048945
-211.358188
-216.228339
-189.918449
-214.610136
-216.745757
-215.617781
-213.571786
-214.793960
-214.625365
-212.739958
-213.731607
-213.775514
-213.527447
-214.623739
-214.499154
-213.279178
-218.031249
-214.904994
-210.916445
-217.519665
-226.933652
-215.006043
-215.414292
-214.362218
-236.392709
-228.477089
-210.869800
-210.801527
-215.303748
-216.434230
-216.573914
-219.214322
-214.459564
-215.860443
-213.661581
-214.605793
-214.508848
-214.911491
-217.987300
-214.791951
-217.138241
-214.744224
-216.554243
-223.670379
-221.034299
-214.625685
-216.098864
-214.962992
-183.552644
-215.740905
-215.330796
-222.144547
-209.912000
-217.692090
-214.993216
-213.808223
-213.325193
-214.863026
-215.360225
-216.083634
-210.290694
-213.745812
-215.314808
-215.951015
-215.713656
-199.370507
-220.937822
-221.545272
-219.958350
-214.980457
-211.133573
-215.202783
-215.062273
-214.369386
-212.777569
-217.318583
-214.041274
-214.760725
-214.175946
-215.441186
-214.467522
-211.205677
-218.287692
-216.079301
-215.276536
-240.446264
-214.251526
-215.329897
-215.729269
-202.279522
-255.320559
-215.600233
-215.681688
-217.400563
-214.941810
-214.729988
-218.627225
-217.307030
-210.578750
-213.330073
-216.181982
-214.448372
-215.072902
-216.820459
-214.377322
-215.254262
-214.048036
-215.126770
-215.770173
-216.110729
-212.836654
-214.754942
-214.609211
-218.918327
-220.059572
-212.598209
-216.534226
-214.925599
-214.847548
-215.745687
-214.420181
-212.294134
-217.220728
-214.808875
-215.539401
-214.557723
-215.155609
-217.589413
-214.108294
-214.868560
-215.330156
-216.716241
-216.321790
-213.800503
-215.771796
-215.407922
-216.450906
-215.662075
-216.024785
-213.486668
-217.353690
-213.513473
-208.766037
-213.537053
-215.894455
-217.520967
-215.135113
-216.273368
-230.881430
-214.522773
-214.788490
-214.872973
-202.249808
-215.188277
-213.733728
-215.140345
-219.498968
-218.769800
-216.379005
-215.106628
-215.598503
-215.093519
-213.118558
-215.268080
-213.224313
-214.885966
-221.684086
-212.985744
-215.483273
-212.547522
-211.674071
-213.451482
-211.751067
-214.394852
-217.335035
-213.457690
-215.388855
-215.896241
-228.075889
-201.876558
-213.429143
-216.989029
-213.233422
-212.498624
-214.748128
-214.189665
-215.611913
-212.205254
-217.130153
-212.733001
-213.193160
-206.449543
-216.636648
-212.345579
-214.950768
-216.399412
-215.826398
-214.842598
-215.864689
-211.946913
-216.824710
-213.667561
-215.908497
-214.494695
-215.161134
-212.366308
-216.262470
-214.974296
-215.515841
-212.105831
-216.090265
-216.671457
-215.437772
-215.105275
-213.802143
-210.384284
-228.375623
-214.505797
-214.441522
-216.369789
-215.953897
-214.961383
-215.461237
-215.344526
-206.073918
-215.413947
-222.189059
-215.556844
-214.424560
-227.395861
-220.113081
-216.007878
-213.413779
-215.849881
-214.624683
-174.540086
-215.684293
-211.312345
-216.017713
-221.364431
-216.522325
-219.485355
-215.220243
-215.304777
-215.457380
-215.841741
-215.986952
-213.730053
-217.461242
-223.524961
-219.685651
-214.513804
-215.862986
-212.491904
-215.271439
-214.404974
-214.844132
-217.448416
-215.432267
-215.016906
-214.922544
-215.413704
-214.536119
-221.780013
-193.645915
-215.563312
-215.119477
-211.436273
-218.114815
-219.702186
-215.595665
-213.344651
-214.832139
-210.255620
-214.264309
-216.810922
-214.837056
-215.342708
-213.946737
-215.127078
-215.337416
-215.439841
-213.761543
-215.427732
-217.311679
-215.038720
-215.820738
-215.688271
-215.433294
-214.782219
-213.136437
-216.747567
-214.665878
-214.968473
-214.229159
-214.313377
-215.290212
-213.338211
-215.291102
-215.389661
-222.120891
-213.031134
-213.139197
-218.248924
-206.662418
-212.123186
-213.819877
-217.383884
-215.816791
-216.870585
-213.880252
-214.447117
-216.211988
-205.954905
-214.772968
-218.752904
-216.808059
-214.752477
-215.382038
-214.211964
-213.216771
-215.799933
-214.548063
-211.387972
-216.856673
-217.418587
-230.189332
-213.952132
-215.925353
-217.308797
-214.460342
-215.355204
-213.924534
-215.596596
-215.428211
-213.274902
-215.884519
-215.064911
-219.328706
-218.666978
-214.071553
-217.066915
-212.282697
-245.954918
-212.405285
-215.853532
-213.959820
-214.189074
-214.159921
-214.477347
-207.333962
-219.395595
-217.673262
-214.355868
-140.735172
-215.071483
-213.782342
-217.982717
-216.513564
-215.236501
-212.974015
-214.324834
-214.936960
-214.833309
-212.877154
-215.363320
-218.910315
-214.392565
-216.621670
-214.840694
-215.657357
-214.385649
-215.353963
-212.085911
-214.719838
-214.328731
-218.228794
-207.149919
-214.446738
-214.450962
-215.481991
-215.619230
-213.593642
-214.144213
-214.978077
-214.462344
-214.927659
-213.216947
-211.390335
-223.545883
-216.327598
-214.144394
-215.330405
-215.472267
-215.293024
-217.879832
-215.557868
-214.360256
-212.315767
-214.623493
-215.378304
-215.482113
-213.030171
-212.991578
-210.984875
-216.819119
-211.438465
-212.495865
-220.313927
-262.198615
-215.296713
-42.933658
-214.684604
-215.500944
-213.928182
-212.413979
-215.752697
-215.594983
-215.837089
-213.490230
-216.068991
-222.492904
-216.164474
-214.440568
-214.907639
-215.431891
-214.600301
-213.799983
-215.532056
-216.526699
-216.459406
-213.276160
-213.825427
-215.096710
-217.242240
-216.266277
-213.383513
-214.972007
-212.230002
-214.375955
-211.058858
-216.256116
-213.721583
-216.843438
-243.466992
-161.815619
-215.520231
-216.139308
-214.036990
-215.264845
-216.189528
-215.131485
-218.336572
-215.118552
-215.346085
-215.787874
-213.272029
-215.491844
-217.193356
-216.969351
-213.207600
-216.490314
-212.874249
-211.149010
-215.152212
-214.846906
-213.785763
-210.477884
-213.218260
-216.701612
-215.515708
-210.919429
-216.081740
-182.169382
-213.166709
-217.616146
-214.507774
-215.015945
-214.652982
-215.378908
-216.906442
-214.205237
-216.140349
-216.968669
-209.859642
-214.155901
-215.829364
-215.357962
-215.655010
-215.980609
-217.571958
-216.144439
-214.984202
-214.095140
-216.032290
-214.125626
-215.803812
-216.094168
-217.519242
-214.984271
-242.881210
-218.745331
-215.612828
-204.607903
-221.680938
-214.743702
-213.152318
-215.094669
-215.253948
-213.328340
-215.141169
-213.626384
-228.319341
-214.185207
-212.305683
-214.327553
-216.044725
-214.312971
-215.086821
-214.813644
-216.804645
-214.318690
-215.564420
-214.477688
-215.804540
-215.024213
-214.823994
-214.601997
-215.655583
-220.556274
-214.804216
-215.934881
-214.911790
-216.131587
-216.500650
-212.417825
-254.566054
-216.251577
-214.527511
-210.461369
-221.094231
-213.187432
-216.349272
-215.500046
-216.340047
-216.967510
-213.490003
-214.616669
-215.104849
-212.244406
-215.548832
-214.304144
-214.349680
-210.847914
-214.637850
-216.819795
-215.218496
-218.328110
-213.510871
-216.109131
-215.066639
-217.569338
-216.130346
-216.256065
-212.535942
-211.137488
-215.560129
-215.397758
-215.283394
-215.436409
-210.921120
-214.510350
-210.943690
-210.854402
-218.195414
-215.335859
-214.417736
-214.880082
-216.085743
-214.847722
-220.716771
-214.376077
-215.199762
-215.122439
-214.567055
-215.238656
-215.977875
-213.468003
-216.043394
-217.390461
-215.524844
-214.733497
-215.256779
-211.351397
-215.493706
-215.194079
-208.910962
-213.716234
-215.635620
-215.305312
-214.202747
-213.450784
-213.957835
-215.989697
-212.403705
-215.224852
-217.183330
-216.023853
-214.895605
-214.884104
-217.992104
-213.851950
-212.171563
-214.702078
-215.175457
-214.209951
-216.871505
-214.263867
-214.397502
-215.858612
-214.668409
-214.481311
-213.867088
-216.154877
-210.128774
-214.981870
-215.008252
-215.748821
-213.187328
-221.470642
-215.002875
-217.302909
-214.785125
-215.784135
-215.611754
-216.472447
-214.493786
-213.501402
-213.308161
-214.608504
-215.228000
-219.357156
-212.314967
-215.497389
-216.183948
-216.575111
-212.507599
-212.744706
-216.934928
-202.787607
-215.514658
-215.694676
-215.866643
-213.405317
-216.171102
-211.210146
-221.185477
-214.750737
-213.820468
-212.195283
-213.437168
-215.025955
-215.329141
-213.035703
-214.013638
-215.256587
-219.737514
-216.128330
-213.961878
-217.330120
-217.320955
-216.131910
-214.741338
-211.500138
-213.970186
-215.068966
-215.065417
-215.447804
-212.741722
-216.053090
-214.696006
-214.728133
-215.072014
-216.142538
-211.128023
-216.040343
-215.631786
-216.252766
-205.517548
-215.252110
-205.166572
-215.207511
-218.281465
-215.100541
-216.080738
-214.876210
-215.549587
-217.954907
-214.030422
-210.672881
-214.395608
-216.092843
-217.763884
-208.264190
-216.813657
-218.288394
-214.370820
-215.344643
-215.879768
-214.531262
-215.550148
-216.211851
-215.712305
-216.033451
-213.803364
-210.196728
-213.363124
-215.674444
-213.813356
-215.674202
-215.129714
-217.120780
-215.891082
-217.411016
-216.400897
-214.588057
-272.841764
-208.426823
-210.965521
-223.097577
-214.602616
-211.045613
-214.274761
-213.912173
-213.888750
-214.478031
-214.620510
-212.267454
-214.648501
-216.770592
-215.387647
-214.861008
-213.737314
-235.523392
-214.702212
-215.649149
-214.451779
-217.900670
-207.510425
-216.663660
-213.685699
-217.009945
-196.660003
-219.108610
-216.138812
-216.164653
-215.906964
-217.145958
-215.414197
-216.254034
-213.852256
-214.108644
-215.413063
-216.502285
-216.241603
-209.796779
-215.711696
-214.718222
-215.118303
-213.912774
-215.449776
-214.346629
-291.791510
-212.476200
-215.874119
-217.170867
-213.946384
-215.275520
-215.100068
-211.750240
-215.215626
-214.177755
-217.967882
-212.825340
-213.277987
-214.347132
-214.540775
-211.839004
-213.804969
-215.896964
-215.333990
-216.274063
-215.406973
-214.193917
-212.332091
-217.408049
-214.961667
-216.143554
-217.304617
-232.392035
-209.911870
-212.805401
-215.579729
-216.454956
-213.752431
-215.468656
-188.876450
-303.105408
-220.910757
-213.859994
-152.920321
-215.511424
-218.205392
-212.313597
-214.340987
-202.436691
-215.415628
-212.059982
-211.834252
-216.165561
-217.121710
-217.885120
-214.733354
-217.468401
-207.034596
-258.798927
-216.771763
-227.198086
-215.461888
-398.553865
-215.195743
-214.725943
-332.104556
-227.301824
-160.881503
-215.842559
-208.757532
-215.229231
-213.013736
-214.398542
-216.388824
-207.300199
-215.698450
-215.559274
-215.102027
-214.357464
-215.839794
-215.287552
-215.663602
-215.257732
-218.834264
-213.353327
-215.331246
-214.564759
-212.678131
-214.087123
-214.132089
-213.729509
-207.995910
-214.199818
-215.553748
-215.171983
-215.444320
-216.822372
-217.937528
-214.660763
-217.505631
-212.403634
-214.134424
-214.446785
-191.651757
-215.225048
-220.892010
-216.681230
-206.331638
-222.305387
-209.041433
-216.923589
-215.192977
-216.696558
-214.744814
-216.029086
-215.318789
-215.268946
-214.930264
-215.834952
-214.279961
-220.286264
-218.934595
-212.735728
-215.776115
-214.653502
-215.109122
-214.197373
-216.138136
-213.778527
-213.312814
-215.917098
-138.589380
-215.658654
-216.110656
-217.040638
-214.033643
-969.884502
-219.516086
-215.456640
-225.509089
-189.547529
-206.233866
-214.881240
-213.789646
-212.202185
-215.079980
-218.353350
-215.837737
-214.818683
-214.214390
-223.909360
-215.414439
-205.477708
-212.425430
-212.892943
-214.459909
-217.553902
-215.957129
-213.453096
-203.409091
-214.379902
-215.889287
-215.560612
-218.148103
-222.298776
-1330.469038
-213.705553
-215.467347
-214.475829
-209.655950
-215.132335
-215.166190
-231.429865
-218.932968
-215.624647
-216.669774
-214.624350
-218.318523
-216.212668
-214.536588
-215.512122
-217.357007
-210.851216
-215.757059
-214.231623
-206.965447
-220.365875
-217.995840
-213.952108
-215.298352
-216.412342
-214.390434
-216.039591
-215.700528
-215.687362
-214.701655
-214.950017
-216.279192
-214.842461
-218.455701
-215.127460
-212.675297
-213.758153
-215.025905
-213.454743
-215.484536
-215.202756
-211.200888
-213.288129
-218.123962
-214.474399
-216.821832
-252.371846
-215.824381
-215.046497
-217.596750
-214.247177
-215.275911
-213.849885
-215.404708
-214.045375
-214.130346
-211.378662
-217.745648
-150.831236
-215.921698
-214.198607
-214.198699
-213.317642
-215.330147
-214.679787
