0.993416
1.014282
0.977491
1.010122
0.978134
0.987899
1.002574
0.975545
0.997921
0.984291
0.986553
1.014749
1.004894
1.000407
0.989283
1.007874
0.980370
1.008721
0.954395
1.009234
0.993835
1.009904
0.988566
0.994337
0.996079
0.983681
0.993140
0.989861
1.000567
0.978402
0.997029
1.008083
1.003791
1.010238
0.989772
1.013507
0.979106
1.004997
0.991511
0.994482
0.985061
0.988433
0.991130
0.983540
0.993123
0.997646
1.000713
1.002061
1.007803
0.996087
1.006316
0.980215
0.993567
1.004577
1.008049
0.995295
0.995891
1.002967
0.962690
0.993691
1.006864
0.953458
0.996627
1.005410
0.966936
1.008490
0.998504
0.997575
1.003653
1.004509
0.949255
1.008506
0.998338
0.988317
0.990792
1.006848
1.013700
1.000106
0.999170
0.967449
0.997049
0.999304
1.004397
1.001249
1.004896
1.013156
1.017308
1.001816
1.003735
0.994030
1.006815
1.006914
0.988720
0.995352
0.996921
0.982033
0.984284
1.002659
1.002614
0.965369
0.986986
1.002214
1.011441
1.015831
0.997007
0.980862
1.008976
1.003201
0.993587
0.980374
0.988047
0.998074
0.987011
1.010656
1.002578
1.013900
1.003259
1.001140
1.010216
0.983810
0.985144
1.001991
1.005672
0.998140
0.994905
0.967981
0.983221
0.992078
0.999963
1.005634
0.977859
1.006259
1.011443
0.983320
1.006881
0.996265
1.002463
1.012715
0.988410
1.011152
0.979325
0.979360
1.007299
1.000865
0.982841
0.982669
0.991655
0.989878
0.976886
1.012301
0.992808
1.001369
1.009701
0.980067
0.959487
0.994812
1.006100
0.988878
0.985213
0.997599
0.985741
1.010248
0.996268
0.984121
1.000053
1.001461
1.002192
0.995516
1.002395
0.994142
1.000523
0.989569
0.960948
0.996267
0.986628
0.992555
0.951090
0.996318
0.978867
0.991087
1.011836
0.996161
1.003681
0.990384
0.981325
0.964325
1.004090
1.010564
0.994822
1.002912
1.010689
0.987997
0.980757
0.998780
0.988502
0.986859
0.976453
0.996566
0.994277
0.982841
0.994223
0.994709
1.000601
1.002464
0.979291
0.992466
0.986789
0.987329
1.002003
0.996691
1.007170
0.996166
0.992698
0.996365
0.991902
0.991543
1.000809
1.005000
0.962134
1.007032
0.995500
0.938016
0.991886
0.995006
0.989905
0.992540
1.002058
0.978639
0.992266
0.985298
0.985535
0.989810
1.001747
0.992871
1.006409
0.963696
0.995096
0.987403
0.998313
0.981498
0.998473
0.983555
0.993144
0.982314
1.002834
1.003400
0.986960
1.003985
0.996079
0.975970
0.971588
0.999170
1.000288
0.974768
0.998441
0.989339
1.007461
1.002119
1.006358
1.005249
0.967044
0.988792
1.006033
0.970757
0.998613
1.007837
1.005160
0.994570
0.993859
0.971660
0.995899
0.977395
1.010893
0.971493
1.002976
1.001393
0.984282
0.999157
0.987866
1.002653
0.984747
1.010866
1.003810
1.011066
1.000921
1.016907
0.997592
0.972186
0.987277
0.991297
1.007533
0.995793
1.009393
1.002600
1.004868
0.980197
1.007153
0.986220
0.998821
1.016288
1.004047
1.000663
0.985347
1.007471
0.987593
0.993800
1.009865
0.969659
1.003549
0.973050
0.998155
0.963690
1.005951
0.976223
0.979278
0.991317
0.996029
0.986939
1.002684
0.987050
0.991308
1.014259
1.008219
1.000863
0.988093
0.967434
0.978829
0.967591
0.987084
1.006422
1.008600
0.988135
1.014299
0.975763
1.004894
0.987650
0.994084
0.997524
1.002444
1.009885
0.996091
1.005784
0.975542
0.998302
1.005608
0.995027
0.986893
1.006682
0.992079
0.999938
1.000832
1.001225
0.992592
1.005393
0.994338
0.996972
1.003340
0.988321
0.990088
0.985023
0.966771
0.995633
0.998778
0.997317
0.961184
0.999770
1.009680
0.989516
0.960245
0.931861
0.992222
0.987613
1.001894
0.983207
1.005350
0.990465
1.001612
0.986532
0.987959
1.007519
0.996611
1.002632
0.992083
0.951105
0.999337
1.006812
0.988795
0.988087
0.992769
0.987825
1.007935
1.001782
0.970555
1.007291
1.007636
0.981363
0.971947
0.996092
1.008634
0.988629
0.990818
0.977332
0.986494
0.984972
0.997412
0.995164
0.998668
0.987021
0.989783
0.989113
0.978298
0.997342
1.010088
0.998410
1.002788
1.001242
0.986618
1.000777
0.991938
1.007384
0.994128
1.009986
0.987061
1.001009
0.983615
0.983420
0.985790
0.989856
0.995291
0.984027
0.960872
1.007990
0.976257
1.004146
1.001852
0.998670
1.011367
1.003823
0.997487
0.985130
1.007381
0.992985
1.007020
1.004794
0.992698
0.977611
0.997797
0.988697
0.984975
0.987485
1.001601
0.991777
0.997950
1.001492
1.001662
0.956659
0.988966
0.993387
0.999376
0.979371
0.988930
0.994923
1.001121
0.999070
0.995692
0.993974
0.979917
0.991592
1.005900
0.989561
0.989865
0.979463
0.999496
0.982708
0.995877
0.997853
0.994392
0.999912
1.006233
0.966168
0.995655
1.004642
0.976819
0.987035
0.986568
0.976154
0.980764
0.993663
0.998289
1.004857
1.008267
0.978632
1.009868
0.981431
0.973964
0.990605
0.945079
0.985025
0.987086
0.961244
0.997874
1.005820
1.002855
1.004013
0.995528
0.990729
1.003326
0.996534
1.005406
0.998864
0.999669
1.007513
0.982463
0.995016
0.978155
1.012856
0.995529
1.000604
1.002634
0.993916
0.997627
0.985363
1.012087
0.985276
1.001961
0.971788
0.998157
1.011640
0.981822
0.992777
1.006166
1.001350
0.986236
1.004859
1.012095
1.004475
1.003210
0.961689
0.989255
1.001528
1.015555
0.992895
1.010930
0.943110
0.947508
0.990633
0.998767
0.977394
0.996064
0.988524
0.996158
0.995150
0.978738
1.010431
1.002905
0.982686
0.990942
1.008891
1.004695
0.991499
0.943553
1.004124
0.976483
0.998511
1.000708
0.976090
0.995074
1.003618
0.990394
0.990595
1.000852
0.975618
0.988057
0.998181
0.993838
0.986481
1.007041
1.009931
0.977582
0.996852
0.976146
0.983004
0.984838
0.975962
0.992566
1.003691
0.987853
0.989020
0.967720
0.982645
1.013836
0.952271
0.974663
0.989829
1.001954
1.009197
1.007599
1.002938
0.997914
0.979094
1.000463
0.971696
0.980408
1.003888
0.981078
0.991376
0.985145
0.989037
0.993511
1.010000
0.993744
0.983204
0.987780
0.996118
0.961834
0.994791
0.977664
0.993881
1.013372
0.991591
0.982393
1.015872
0.988652
0.990123
1.002979
0.975260
0.984355
0.995867
0.995195
1.003508
0.982648
0.972316
0.996581
1.010288
0.995110
0.986590
0.999752
1.005029
0.997477
0.999059
1.007343
1.002019
0.986631
0.981047
1.000772
0.994438
0.986395
1.003936
0.969327
1.001324
0.993099
0.986755
1.001444
1.002679
0.993655
1.010691
0.993516
0.966030
1.013282
1.003405
1.011843
1.010053
0.997719
1.018094
1.004489
1.008765
0.990877
0.998501
1.005796
1.000528
0.970530
1.004026
0.993507
1.002112
1.005390
1.004079
0.996229
1.007044
0.988327
0.995200
0.980202
0.985004
0.970398
1.005569
0.999601
1.004010
1.015582
0.988130
1.012112
0.972438
0.997892
0.977516
0.995694
0.981202
1.000272
0.999010
1.001288
1.001013
1.006170
1.007074
0.982693
0.979601
0.991882
1.001102
0.977329
0.977520
0.978840
1.006102
1.000312
0.986360
0.994090
1.001175
1.009980
0.997996
0.975497
1.005781
0.990419
1.001713
0.990071
1.001133
0.992037
0.997256
1.005315
1.001737
1.006659
0.989534
0.998944
0.990167
1.000025
0.996550
0.992270
1.011172
1.004158
0.997420
1.012037
0.995797
1.000909
0.984336
0.985963
1.002244
0.988151
1.006657
1.000295
0.985307
0.992000
1.008252
0.981055
0.987448
1.005263
0.999685
0.983930
1.000665
0.991164
0.989996
0.986264
0.997528
0.996610
1.004667
1.002022
0.997538
0.984606
0.985447
0.976735
1.008474
1.005262
0.996033
1.004508
0.999753
1.013292
1.004905
1.006564
1.001600
0.999166
1.017199
0.986282
1.007578
0.990022
0.986014
0.991687
0.973758
0.993857
1.004891
0.971908
0.997361
0.995616
1.012813
0.998907
0.976420
1.000239
1.015195
1.007508
0.983207
0.988907
1.008240
0.998389
0.994735
1.008986
0.999172
0.992278
0.996655
1.005286
0.999099
1.000053
0.990802
1.009676
1.005532
0.999249
0.972355
0.992726
0.990854
0.987789
0.996139
0.998938
0.970732
0.990841
1.001216
1.009981
1.009164
0.996018
1.002559
0.964040
1.005376
0.984605
0.996821
0.980814
0.993106
1.014841
1.006516
0.999595
0.987187
0.994766
1.002904
0.999865
0.986344
1.005513
0.979523
0.998519
0.991545
1.007931
0.992751
1.008494
0.965543
0.996816
0.982643
0.996783
1.002553
1.009045
1.000519
0.993453
0.969397
0.991360
0.993835
0.997330
1.009269
0.995128
1.013469
1.016816
0.985319
0.985343
0.990479
0.968358
0.970409
1.008074
1.001932
0.982831
1.009927
0.991274
1.016087
0.985270
0.994971
0.986921
1.011849
0.963419
1.003125
1.003468
0.992226
0.992360
1.001785
0.989927
0.988463
0.996927
0.995907
0.994009
1.000299
1.009770
0.988434
0.972717
0.986923
1.007684
1.013800
1.002466
0.987346
1.013814
0.990256
1.005128
1.006995
1.007515
1.006403
0.997291
0.982056
1.008783
0.998249
0.991920
1.005352
0.975503
1.004349
0.980621
0.985422
0.998462
0.991380
0.989644
0.997814
0.979936
1.011269
0.990620
0.995761
0.989643
1.000453
0.990465
0.998875
0.981827
1.003811
0.997741
1.002834
1.000760
0.990619
0.983506
1.006295
0.975906
0.987320
0.992803
1.000925
0.991787
1.006855
1.007665
0.995271
0.981840
0.985268
1.003787
1.004790
1.010135
1.009768
0.965132
1.002935
1.000117
0.996499
0.989502
0.988856
0.971639
1.003884
1.003901
1.013845
0.982750
1.000730
0.979057
0.992568
0.975868
0.986872
0.995727
1.014220
1.002128
1.007503
0.995195
1.003822
0.960428
0.992796
1.000336
0.988591
0.993826
1.000652
0.986172
1.004464
0.987388
1.001568
0.988271
0.953836
0.994660
0.998277
0.994668
0.999026
1.009448
1.002441
0.974394
0.992864
0.994398
1.004735
1.007114
0.970325
1.002153
0.976071
0.980820
0.990323
0.997341
0.969090
0.997876
0.993534
1.005659
0.965111
0.998104
1.007440
0.978734
0.991395
0.992551
1.000153
0.994864
0.996953
1.010057
1.005827
1.005153
1.011887
0.997361
0.987663
0.994754
1.003374
1.004209
1.000527
0.989979
1.010034
0.993148
1.006541
1.001798
0.983930
0.985197
0.993763
1.005359
1.002608
0.981850
0.990701
0.991089
0.998793
0.997227
1.002782
1.001760
1.003873
1.014662
0.986072
1.004458
0.984466
1.003150
0.995148
0.994971
0.982977
1.009055
0.994990
1.001802
0.984945
1.004835
1.002113
1.001149
0.981651
0.991741
0.998760
1.009442
0.986900
1.002117
0.997618
0.982176
0.988072
1.007091
1.011386
1.004987
1.007987
0.969903
0.995341
1.007010
0.990039
0.991517
0.992826
0.994533
1.012501
1.003144
0.993999
0.997784
0.998375
0.991148
1.000190
0.997891
1.009456
0.993991
1.004859
0.980524
1.003492
0.997907
0.996974
1.002737
0.996161
1.006232
0.959162
0.986199
0.991678
1.000691
0.988631
0.984003
1.005030
0.997157
0.992197
0.988398
0.980762
0.986008
0.987202
1.009617
1.001827
0.998983
0.983139
0.994531
1.004588
0.987563
0.974216
0.964537
1.006900
0.981682
0.992871
0.982778
1.002367
0.999281
0.996739
1.005523
0.995476
0.992530
1.004481
0.982531
1.008122
0.983719
0.980059
0.977885
0.996730
0.982788
0.949735
1.000789
1.009046
1.008754
0.978832
1.008878
0.995933
1.011416
0.980803
0.994707
0.959066
0.997337
1.009384
1.006307
0.987634
0.995340
0.970821
0.987212
1.004245
1.005353
1.009208
0.988654
1.006194
0.964859
1.009041
0.976188
1.002157
0.943647
0.999459
0.978997
1.004422
1.007135
1.003463
0.984625
0.989190
0.988131
0.988203
0.993469
1.002862
0.993769
1.001234
0.996405
1.001398
1.004572
0.983865
0.985274
0.991644
0.972063
0.994441
0.986575
0.993230
0.996426
0.983759
0.982244
0.990766
0.979713
0.963733
0.993442
0.982101
1.012349
0.992645
0.991078
0.994793
0.960229
1.001191
1.004401
0.998504
0.993189
0.996177
0.982989
1.006919
1.006879
0.955453
0.973031
1.000413
0.981926
0.998780
0.968972
0.977151
0.994426
0.983774
1.012215
0.967106
0.986361
0.996669
0.988230
0.995594
1.017270
1.003249
1.000142
0.986304
1.004236
1.006976
0.980611
1.003475
0.931303
1.001607
0.996655
1.010341
0.956063
0.973635
0.987941
1.008875
1.004418
0.986435
0.992261
0.973423
0.994917
0.998400
0.972807
0.993583
1.003368
1.003607
0.989840
1.007553
0.998704
0.959720
0.987687
0.983070
0.994623
0.997226
0.934408
1.003145
0.993711
1.004945
1.006374
0.976737
1.008041
0.996757
1.001554
0.981699
1.001433
0.997202
0.993769
0.989609
1.004466
0.987352
0.989086
0.981222
0.989443
1.002807
1.007043
1.001399
0.998748
1.014756
1.007263
0.996007
1.008489
1.004711
0.997032
1.008598
1.004354
1.007557
0.983337
0.945446
0.974528
1.006281
1.006965
0.978746
0.993975
1.000275
0.997629
1.005895
0.963966
0.988247
0.986736
0.994431
0.987676
0.994887
1.007971
0.994356
0.997525
0.986853
0.990909
1.007179
0.992920
0.998096
0.992741
0.969511
1.008802
0.977350
1.008907
0.977176
0.989690
1.002414
0.995246
0.989171
0.994374
0.979101
1.006206
0.984449
0.997669
0.979221
1.000288
0.999046
1.010041
0.997733
0.985684
1.011346
0.984395
1.005964
0.989172
0.998785
1.003798
0.983169
1.010458
0.998109
1.005848
0.998244
0.981712
0.972150
0.986693
1.009133
0.999250
0.960109
1.000414
1.005757
0.999496
0.986939
0.985060
0.987363
0.990919
0.992669
0.980695
1.014351
0.991833
0.992767
0.985841
0.992010
1.003374
1.002113
1.001066
0.995212
1.004446
1.011730
1.002393
1.007274
0.994499
1.006789
0.990146
0.994437
1.012475
1.015195
1.001385
0.989288
0.989615
1.000584
1.001693
0.988733
1.004617
0.986367
1.016296
0.998604
0.995828
1.001739
1.004458
1.011749
1.002383
1.008756
0.968594
0.995606
0.965639
0.981686
0.976338
1.000514
1.002881
1.000316
1.016868
1.010952
1.009366
1.007759
0.983702
0.999584
1.006831
0.993147
0.995041
0.977143
0.991361
1.008038
0.967024
0.997506
1.014439
1.004050
1.010388
0.996687
0.995702
1.010278
0.994627
1.000423
0.989747
1.005751
1.011540
1.012583
0.997378
0.976256
0.987339
0.989655
0.999942
0.988080
1.011370
0.980028
0.988577
1.006843
0.966803
1.006897
1.007050
1.005235
0.999066
1.007108
0.987589
0.995094
1.000417
1.008332
0.995269
0.988608
1.000712
1.005321
1.001562
1.013488
1.014656
0.998463
0.994924
0.982639
0.980101
1.005082
1.003152
1.005231
0.994948
0.950172
0.984927
0.991996
0.994569
0.990854
1.011219
0.976459
1.009477
1.009624
0.995020
0.984925
1.010564
0.985079
1.001021
0.965682
0.982574
0.997230
1.009018
1.010957
0.985636
0.989853
0.977097
1.003456
1.004396
0.992755
1.000404
1.002881
0.985562
1.001840
1.004171
1.000027
0.993614
1.000913
1.003949
0.998821
0.983290
1.007450
0.987372
0.994030
1.007115
0.986006
0.975165
0.983023
1.010231
0.991385
1.005591
0.960393
0.987640
1.002527
0.985335
1.002453
1.001201
0.984490
1.002197
1.000216
0.999594
0.998939
1.007845
1.001528
1.004390
0.992621
1.006590
0.994810
1.001576
0.997813
0.980169
1.008668
0.999929
0.982001
0.992341
0.968361
0.989033
0.995891
0.995515
0.996737
0.989536
0.998237
0.982436
1.002986
0.998063
1.005945
0.991215
0.980376
0.992965
0.985147
0.985969
1.002113
0.971871
0.978156
0.992492
1.014068
0.999173
0.983378
1.012174
0.998134
0.989921
0.994575
0.998015
0.990845
1.001699
0.980273
0.994726
1.003718
1.000708
0.965067
0.974280
1.003212
0.993727
1.001304
0.997793
1.000142
1.000302
0.982771
1.006702
0.996237
0.999155
0.959221
0.993253
1.007360
1.007117
0.994506
1.012211
1.000983
1.005253
0.993841
0.989825
1.000278
0.992430
1.008232
1.002765
0.982923
0.993532
0.985358
0.980888
1.008384
0.990913
0.991192
1.004493
0.971012
0.987361
0.991405
1.008787
1.004371
1.010833
1.000226
0.992082
0.996924
0.989320
0.985299
0.974477
1.007061
0.993389
1.006626
0.991004
0.987429
1.014264
0.978089
0.995466
0.963514
1.006474
0.973089
1.000091
1.008550
0.999152
1.009145
0.988444
0.996945
1.001900
1.005026
0.965201
1.004214
0.992379
0.969795
1.020712
0.993389
1.006978
1.009325
0.963616
1.002007
0.984879
1.003249
0.991096
1.010293
0.988725
0.995961
0.997857
0.984101
0.996584
1.004510
0.994839
1.000567
0.997283
0.994226
0.973869
1.000503
0.990420
0.987627
1.008787
0.977941
0.974694
0.987720
0.974971
0.999325
1.001536
0.994023
0.978183
1.003095
1.007192
1.003322
1.000751
0.967048
0.998871
0.974818
0.970333
1.001013
1.002684
0.998517
0.992875
0.995968
0.996496
0.990662
1.004853
0.983726
0.996243
0.981393
0.985260
0.977200
0.995658
1.004020
0.995105
0.998354
0.992728
1.005649
0.989787
0.996867
1.004232
0.992244
1.006921
0.999055
0.991336
0.991646
0.993741
0.998995
0.968205
0.977925
0.989562
0.982068
0.995925
1.003822
0.994182
0.995981
1.011740
0.977202
0.977572
1.003072
1.004622
1.004950
1.009835
1.004043
0.988607
0.988648
1.005671
0.996754
0.985596
0.994144
1.009122
1.006479
0.989039
0.989929
0.991719
0.988500
0.990929
0.999742
0.974075
0.985252
1.003917
0.999479
0.991911
0.988032
0.992902
1.018855
1.000678
1.005811
0.990738
0.980176
1.004722
1.006804
0.961866
0.976683
0.978262
1.009283
0.993374
1.003886
0.994758
1.002223
0.981427
0.984932
1.006458
0.986369
1.011244
0.997124
1.007096
0.982961
1.014192
0.986862
1.017038
0.987243
1.004617
1.007051
0.972833
0.999971
0.999739
0.993428
1.005332
1.005209
0.996384
1.010685
0.991516
0.975537
0.994413
0.996626
0.979702
1.003716
0.999377
0.995227
1.011107
0.989218
0.991571
0.991133
0.987567
1.008510
0.997490
0.983989
0.992777
0.982151
1.008923
0.969331
1.014561
1.002409
0.985393
1.011716
0.986519
0.987889
0.986380
1.006367
0.983449
0.985398
1.006448
1.002891
0.988818
0.966402
0.980646
0.999042
0.964306
0.988371
1.009047
0.969222
0.988647
0.996567
0.994892
0.956851
1.005356
0.993082
1.008941
1.009597
0.999452
0.990832
0.995887
0.991692
1.004690
1.002126
1.006846
1.010238
0.998520
0.999728
1.009462
0.983510
0.995251
0.984588
0.979545
0.978418
0.970626
0.982549
0.991853
0.987796
1.010710
0.999028
0.998108
1.004942
0.995283
0.996104
0.983090
0.999950
0.955500
0.955221
1.007843
0.997356
1.004120
0.986870
0.997543
1.008702
0.987636
1.005914
0.983372
0.977016
0.994449
1.009358
0.986064
1.000961
1.001518
0.989361
0.999843
1.003228
0.994586
1.000710
1.005903
1.006835
0.997091
0.987830
0.994371
0.998111
1.007278
0.993310
1.011928
1.000997
0.993829
0.982184
1.006862
0.989928
0.995888
0.998863
1.004711
0.971528
0.995029
0.998952
0.997774
0.997289
1.007639
1.001509
1.004809
0.999030
0.984488
0.998264
0.994431
0.989493
1.001445
0.993879
0.991765
0.992969
0.987641
0.994784
0.996164
0.979412
0.960330
1.000703
1.005549
1.011451
0.971696
1.003842
1.017682
1.000505
1.012409
0.986072
0.989931
0.980136
1.008613
0.995899
0.975511
0.999068
0.983000
1.007267
0.991473
0.958220
0.991528
1.007586
0.996854
1.003595
0.999568
0.986131
1.016011
0.989319
1.004226
1.008786
0.986829
0.999028
0.982599
1.011025
0.992077
1.011210
1.008412
0.995543
0.981458
1.001216
0.990999
0.979863
1.002995
1.010397
0.989150
0.986113
0.951535
0.992780
0.991040
0.989305
1.012706
1.002730
0.979758
1.003619
0.980246
0.995637
0.989104
0.995749
1.004378
1.002679
0.993944
0.992529
0.992412
1.004306
0.990955
1.006737
1.000780
1.006236
0.986783
0.991226
0.999750
0.975976
0.985707
0.988609
0.983486
1.002019
0.973106
0.979250
0.977839
1.005990
1.005492
1.005655
1.001134
1.007202
0.970701
1.002005
0.989975
1.007599
0.987378
0.996220
0.999774
0.977500
0.998586
0.986160
1.002950
1.002185
0.966696
0.989711
0.999131
1.003670
1.009795
1.003479
1.009080
0.993244
0.985253
0.985944
0.981826
1.002658
0.995307
0.994934
0.993924
0.999797
1.009152
0.989572
0.975445
1.010823
0.982310
1.005734
0.985950
0.988119
0.981230
1.005751
0.999642
0.999192
1.006074
0.996310
0.980477
1.001692
1.002653
0.989918
0.970596
1.003744
0.976835
0.995756
1.006907
1.003055
0.986249
0.983533
0.975599
0.998622
0.998970
1.007010
1.014449
0.976116
1.001696
1.013084
0.991167
0.987436
1.000074
1.002778
0.988228
1.004891
0.995606
0.989992
1.011346
0.981108
0.995235
0.998670
0.995068
1.014405
0.996206
1.007514
0.995124
1.004498
1.003971
0.997491
0.980156
0.993824
1.018106
0.988101
0.995031
1.009427
0.999465
0.996831
0.992262
0.986593
0.982117
0.997712
1.016447
0.999580
1.009448
0.999171
0.980960
0.988063
1.012643
1.007185
1.004596
0.971578
0.994347
1.008795
1.007053
0.994677
1.014241
0.992596
0.999330
1.003219
0.989682
0.992827
0.986632
1.008004
1.000045
0.992482
0.989106
0.998467
1.005671
1.012979
1.006782
0.992461
1.003621
0.999592
0.987905
1.007172
0.998022
1.000691
0.983230
0.993647
0.997622
0.999299
1.004082
0.993218
0.998868
0.995384
0.991299
1.003260
1.005371
0.973339
0.999726
0.984538
0.999322
1.002261
0.996073
0.991463
0.984358
0.997089
1.004421
0.999414
0.993311
0.999391
0.979927
0.991317
0.984147
1.007652
0.952886
0.963332
1.014371
0.989350
0.996078
1.010433
1.006622
0.992951
0.988451
0.979701
1.006025
0.973306
1.002386
0.976308
0.991142
0.994861
1.003153
1.005220
0.996478
0.985554
1.001182
1.001635
1.002656
1.013934
0.990550
1.013454
0.975816
0.986567
0.996213
1.009460
0.960768
0.994000
0.982736
0.981972
0.991217
1.007287
0.995446
0.985434
0.999054
0.999266
0.993340
1.005222
0.983467
1.004581
0.993404
0.988370
1.006707
0.994268
0.996852
1.001044
1.007409
0.996066
0.994735
1.002957
0.982379
0.983552
1.010068
0.990056
1.005964
0.997384
1.005936
0.984898
0.998583
0.986950
1.003493
0.985671
0.995856
0.986160
1.001197
0.990963
1.005206
1.008788
1.002940
1.006957
1.004409
0.997453
0.997798
0.984384
1.011811
0.984158
1.018269
1.008368
0.978354
1.005653
0.989004
1.000828
0.997100
1.014592
0.980729
1.001636
0.996125
1.015194
1.005643
0.992172
0.978291
0.993455
0.984304
1.019352
0.993215
1.002945
0.988479
0.984909
1.004249
1.010179
1.005699
0.988790
1.003757
0.970556
0.986011
0.984802
0.974278
1.002807
0.999879
0.987995
0.999535
1.007524
1.005280
1.014518
1.005357
1.006178
0.993693
0.984623
1.009167
1.002159
0.999145
0.970551
0.992297
1.005216
0.991907
0.995522
1.015887
0.950449
0.995439
1.019202
0.985682
0.967171
0.993846
0.985764
0.978736
1.005206
1.008086
1.010824
1.000834
1.001322
1.001402
0.994826
1.001942
0.969525
0.996780
0.992126
1.010611
0.983432
0.976547
0.993742
0.987479
0.979925
0.994024
0.996048
0.986816
0.985941
1.001451
1.009877
0.999737
0.992036
1.009796
0.990946
0.990401
1.002971
0.995053
0.997674
0.994283
0.990962
0.999873
1.000112
0.993046
0.981220
0.998146
0.977352
0.991991
1.006732
0.977238
0.984059
0.992354
0.993803
1.005761
0.998155
0.998792
1.004641
1.003763
0.999780
1.000762
0.946310
0.991482
0.994320
0.996518
0.996980
0.992280
0.995016
0.973082
0.972884
0.990248
1.009567
1.002520
0.986658
0.997548
1.004024
0.960341
1.006098
0.965247
0.981338
1.002615
0.988653
0.986706
1.007195
1.002817
1.008586
0.962186
0.982042
0.994360
0.992263
0.988528
0.995110
0.998643
0.994700
1.008108
0.997322
0.999902
0.996736
0.985649
0.990796
0.988619
1.013581
0.979193
1.005535
0.988380
0.988271
1.017669
1.006835
0.994436
0.960927
0.992444
0.993859
1.003353
0.997351
0.999401
0.998871
0.980220
1.005617
0.990101
1.009560
1.009024
1.002072
1.009478
1.002994
1.002790
1.004451
1.007485
0.994220
0.997627
1.004830
1.009156
0.982983
0.995938
0.997535
1.003839
1.004168
1.006004
0.992633
0.993287
0.976541
0.998786
1.003746
1.004235
0.995010
1.005733
1.011693
1.010457
0.941877
1.001518
0.993004
0.999943
0.979542
1.004318
0.996069
0.977562
1.006897
1.004860
0.987420
0.972985
0.992601
0.979643
0.976867
0.991961
1.012527
0.928734
0.986423
0.982712
1.003046
0.982390
0.987210
1.005261
0.995148
0.988823
1.006461
0.988369
0.986288
1.002779
1.009452
0.998683
0.988093
1.005569
0.983190
0.990094
1.003164
1.005519
0.997245
0.988763
0.987883
0.998150
1.007568
1.001996
0.998681
1.000290
0.996000
1.005983
1.008190
0.979667
1.005123
0.977119
0.989646
0.992969
1.004819
0.983956
0.981928
0.955555
1.000312
0.969277
0.982764
1.002467
0.997029
0.966576
1.008335
1.012804
1.013027
0.993258
1.002803
0.988382
0.987633
0.972845
0.968424
0.999096
0.997362
1.007777
1.002210
0.992064
0.989172
0.949336
0.977708
0.990742
0.992147
1.010732
0.968752
0.996089
1.004372
1.001703
1.005322
1.001821
0.996106
0.999429
1.006092
1.002717
0.994684
0.984456
0.996093
0.998984
0.990400
0.990582
1.012631
0.992031
0.995367
0.995824
0.999346
0.987895
0.995637
0.971762
1.001546
0.999204
0.990782
0.995306
0.993259
1.007501
1.002192
1.005918
0.997182
1.000588
0.984989
1.007103
0.994685
1.001010
1.006900
1.007629
1.004341
1.001059
1.005852
1.001003
0.998786
0.999657
0.991640
1.008650
0.980143
0.998385
0.997725
0.988330
0.993735
0.996481
1.007286
1.002957
0.998533
1.009431
0.982520
1.006924
0.997025
0.966041
0.996365
0.996469
1.004806
0.980456
0.984489
0.995130
1.004968
0.982462
0.991308
0.967598
0.995032
1.001269
0.974730
0.988882
0.989373
0.995175
1.008929
1.001385
0.990526
0.987964
0.987723
0.956084
0.975306
0.993183
1.003170
1.010573
0.998868
0.974609
0.999456
1.007033
0.994827
1.006544
1.004706
0.982926
0.998178
0.992680
1.007218
1.003316
0.976607
0.993500
0.990059
0.997889
1.007347
1.005133
1.004238
0.967189
0.998510
1.011081
0.999177
1.004143
1.011458
1.002807
0.989792
1.009105
1.005543
1.015230
1.003021
0.986339
1.014197
0.968328
0.987875
1.011930
0.994980
0.983154
1.005350
0.984446
0.982588
0.977940
0.977135
0.965351
0.992387
1.011608
0.944553
1.008489
0.979879
0.998140
0.997682
1.000401
0.993205
0.975511
1.001857
0.953202
0.993827
0.992839
0.986168
1.015318
1.004851
1.012351
0.997225
0.996302
0.997481
0.986017
0.983407
0.993623
0.997302
1.003560
1.011552
0.993077
0.996648
1.009111
0.989143
0.994981
0.994722
0.999001
1.001737
0.994817
0.992186
0.970085
0.942650
0.995578
0.983702
1.010657
0.971738
1.005479
0.989465
0.990521
0.988671
0.983368
0.994994
0.986324
0.982981
0.993563
0.992964
0.997554
0.997779
1.000117
0.998011
1.017288
0.996511
0.997166
1.007652
0.995892
1.000793
1.006980
0.996962
0.977403
0.999898
0.984339
0.995529
1.003292
0.996665
1.013058
0.999969
0.986574
1.005535
1.002887
0.977218
1.009836
1.010566
1.002568
0.989708
0.967600
0.994668
0.978154
0.984767
0.994106
0.963394
1.011706
1.011026
0.983955
0.991001
1.003277
0.996544
0.993284
1.004891
0.988007
0.999331
1.005707
1.002063
0.999652
0.997655
1.004277
0.995814
0.998580
0.999900
1.001294
0.990881
0.977150
0.996221
0.977926
0.987531
1.009330
0.986506
0.993779
0.972706
1.012323
0.977719
0.964996
0.993934
0.970961
1.008533
0.984322
1.011547
1.012413
0.978654
1.009040
1.004332
1.003521
1.003190
1.022761
1.000593
1.000225
0.997103
0.995859
0.995640
0.985326
1.004835
1.010645
0.987395
1.015301
0.988730
0.987818
1.013122
1.005048
0.998127
0.974858
0.995048
1.004888
0.987724
0.988064
0.981978
0.997026
1.004429
0.999989
0.991374
0.978751
1.006771
1.010430
0.989233
0.996631
0.993767
1.006643
0.989706
0.989445
0.993757
0.995425
0.970279
1.005590
0.994619
1.007227
1.004048
0.991365
0.991131
1.000973
0.967151
0.997631
1.010558
0.993643
0.991972
0.990858
1.007722
0.972884
0.964230
1.007532
1.005330
0.960491
1.001965
0.999360
0.974744
1.006594
1.002537
0.987297
0.981169
0.986249
0.963829
1.008384
0.999871
1.016115
1.000917
0.997802
0.973759
0.992732
1.009151
0.993492
1.004622
1.009865
0.979135
0.988106
1.002544
1.000550
1.002653
0.990555
0.985845
0.975374
0.993236
0.991920
0.955487
0.992273
0.980863
0.975733
1.005120
0.995013
1.008471
0.973576
0.973394
0.979711
0.998781
0.979930
1.004060
0.999971
0.998020
0.994248
1.004823
0.982639
1.003228
0.990547
0.990268
0.963440
0.994198
1.003133
1.011456
1.004269
1.009419
1.005164
0.987223
1.002958
0.997174
0.986605
1.000757
0.990616
0.992242
0.985388
1.005980
1.001156
0.991009
0.988370
0.989594
0.998708
0.999890
0.996224
1.009572
1.005397
0.988814
0.991766
1.012174
0.978987
1.009854
0.994678
1.002990
0.985734
0.973984
1.007246
0.997181
0.982924
0.987951
1.006468
1.018586
0.999870
0.991098
0.934988
0.978245
1.007721
0.982379
0.971524
0.993375
0.997113
0.981438
1.007923
0.992586
1.005035
0.988989
0.983471
1.001752
0.997938
1.002725
0.992806
0.991848
1.008069
0.979552
0.968373
1.008407
0.987561
0.982431
0.988890
0.998113
0.994524
0.996965
0.995566
1.010443
0.974662
1.000350
0.991712
1.005527
0.989726
0.988629
0.999460
0.961461
1.006517
1.003710
0.972895
0.997122
0.969156
0.996756
1.004322
0.995985
0.986005
0.992736
1.008127
1.005624
0.992435
0.962877
1.003934
1.002183
1.000052
1.005024
1.004194
1.008108
0.995476
1.010129
1.007960
0.991129
0.985066
0.964410
0.979948
0.991282
0.976369
1.014045
1.005081
0.991699
0.981228
0.981677
0.997666
0.996658
0.998341
0.987211
1.003000
0.984848
1.007269
1.002891
1.006495
1.008299
1.003153
1.005794
1.000326
0.998704
0.996979
0.998021
0.963347
0.994378
0.998595
1.004791
0.975807
1.003229
0.995063
0.992940
0.977995
0.992704
0.988233
0.987211
1.009734
0.996092
0.992197
0.974128
0.984464
0.965499
1.003275
0.975774
1.000394
0.981713
0.990000
0.998984
0.994015
0.993645
1.001010
0.994692
0.975892
0.986643
0.997513
0.977563
1.000990
0.978646
0.988202
0.988208
0.995531
1.005708
0.991810
0.982157
0.997369
0.996091
0.998961
1.003760
1.008673
0.985150
0.992051
0.998721
0.996268
1.003454
0.983876
0.970555
1.004901
0.992861
1.003788
0.992736
0.997557
1.001983
0.987970
0.998079
0.988712
1.010394
0.999278
1.012678
0.959762
1.003889
0.985281
0.999709
0.994070
1.003111
0.979262
0.998729
0.999877
0.997347
0.997909
0.970487
0.977828
0.996781
1.012191
0.997779
1.007597
1.006319
1.002834
0.990113
1.003139
0.992265
0.977053
1.009710
0.999602
0.976537
1.009467
0.991885
1.008968
0.991708
0.989333
0.980073
1.005294
1.006238
1.012868
0.973247
1.015948
0.987262
0.992560
0.966277
0.996916
0.993223
1.005209
0.996575
0.957798
0.987328
0.996127
0.994506
1.002051
0.998394
0.989422
1.004723
0.982825
0.999720
0.988738
0.999189
1.004056
0.977668
0.998611
0.971714
0.992402
0.996592
1.006469
0.999394
0.988857
0.998978
1.000841
0.959127
0.960508
0.994001
1.009110
1.002509
0.950331
1.007573
1.011167
1.004600
1.000876
0.970690
1.006965
1.005536
1.008931
0.999705
1.003053
1.005677
1.008269
1.002721
0.984864
0.993963
0.994421
0.991217
0.999952
0.977376
0.997268
0.965266
0.982893
0.978713
0.976064
0.972794
1.006179
0.986323
1.009059
0.988683
0.998337
0.998172
1.005147
0.979206
1.015774
0.988297
0.994454
1.003804
0.994972
0.992887
0.979611
0.999683
1.005070
1.001278
0.982897
0.997752
0.978734
1.007842
0.995172
0.991313
0.982736
0.991629
0.998936
1.003735
0.993456
1.011667
1.000561
0.978290
1.000396
0.999581
0.985810
1.005033
0.995020
1.000061
0.993092
1.000859
1.015363
1.003110
1.009509
1.006929
0.994351
0.992366
1.006576
0.995077
0.998213
0.973677
0.967622
1.008160
1.005388
0.947373
1.001982
0.988736
1.006441
0.984669
0.999526
0.996931
0.956392
1.010428
1.002715
1.002945
0.997015
1.000934
0.963071
1.007804
0.968969
0.988272
1.005777
0.958793
0.996714
0.976840
1.003824
1.003118
0.959683
0.987980
0.996532
0.990746
0.992365
0.990832
0.992180
0.999161
0.999996
0.992277
0.993612
0.982698
0.996460
0.998597
0.987898
0.993717
1.001003
0.987564
1.002280
1.012186
0.979800
0.976071
0.994018
0.989028
0.996043
0.999258
0.980618
0.985251
0.999933
0.983761
0.993354
1.010042
0.970357
0.932504
1.003193
0.971891
0.983145
1.007021
1.002368
1.000805
1.010567
0.969516
1.001695
0.994943
0.990672
1.005916
1.006248
1.015879
0.985541
1.001795
0.991615
0.995143
0.999775
0.973798
0.998329
0.989345
0.984233
0.982899
1.007030
1.004169
0.994218
0.983924
0.999274
0.987274
0.970273
1.016503
0.995312
0.976975
0.989151
0.995178
1.008416
0.989599
1.014024
1.010227
1.010794
1.008311
0.983716
0.994868
1.008970
0.983515
0.985576
0.983461
1.014698
0.951823
0.987973
0.981766
1.001472
0.978724
0.984431
1.009448
0.998756
0.993680
0.993171
0.999489
0.997350
0.999787
0.980944
0.991390
1.003501
1.000258
0.974842
0.996333
1.007386
0.990144
0.988727
0.992009
0.993069
0.999168
0.997638
1.005656
0.996513
1.010931
1.003624
0.983687
0.999014
0.994560
1.001481
1.002364
1.010670
1.001114
0.997487
0.992811
1.006058
1.002835
0.996041
1.010147
0.960629
1.009915
1.011108
0.994366
0.985365
0.956769
0.993562
0.995762
0.956125
1.000892
0.998434
1.005326
1.005532
1.001928
1.003496
1.010270
0.997054
1.015859
1.000257
0.982071
0.993593
1.001894
1.012610
1.017160
0.981776
1.000351
0.968752
1.011297
0.997701
1.010797
0.989059
0.995166
0.973419
0.998054
0.990233
0.975591
0.982252
1.006809
0.969537
0.982584
0.991598
0.994887
1.006487
0.976580
0.982025
0.972989
0.978899
0.994181
1.000821
0.980676
0.991610
0.994598
0.996595
1.010188
0.993825
1.002420
1.008089
0.973001
0.989512
1.005720
0.972578
0.985232
1.000753
0.986462
1.000134
0.999071
1.007613
0.994857
1.001909
1.007977
0.993959
1.000350
0.999972
0.986535
0.992447
0.988787
1.010729
0.989208
1.009267
0.992655
0.976391
0.930440
0.989916
0.999521
0.967935
1.008929
1.005546
0.994540
1.000946
0.999961
0.987444
1.011708
0.995758
0.996562
1.007403
1.003491
1.004285
0.997945
1.008883
0.984599
0.984718
0.995004
0.973021
1.015551
0.989434
0.990323
0.996726
1.004550
0.982645
0.991504
0.985624
1.004157
1.008435
1.006193
0.998565
0.946434
0.992507
0.994203
0.978026
1.003541
1.008500
0.979778
0.995657
1.002777
0.994073
0.976443
0.997450
1.003213
0.970710
1.008366
0.985181
1.010623
0.983963
0.992223
0.992916
0.993880
0.999112
0.991121
0.972036
0.996482
1.010003
1.010966
0.974083
0.983670
1.002147
0.992407
1.002941
0.971667
0.991048
0.966210
1.004903
1.009220
0.978362
0.969616
1.002814
0.988612
1.001674
0.982861
0.985100
0.966914
0.989864
0.996526
0.992861
1.000018
0.999801
1.001301
0.975333
1.008645
0.968330
0.979798
0.977966
0.989576
0.983906
1.008533
1.008407
1.004029
1.000084
0.988700
0.999158
1.004032
0.990723
0.993611
1.004917
1.001451
0.993711
0.987591
1.002946
0.986858
0.987228
1.013295
0.981993
0.994760
1.011247
0.978644
1.008615
1.014273
0.990391
0.986696
0.962350
1.001776
1.009524
0.989366
0.992276
0.997610
1.012503
1.003741
1.003174
1.006067
1.002613
0.979420
1.000865
1.020211
0.994111
1.001455
0.968424
0.989237
0.993628
0.995237
1.006936
0.996287
0.967055
0.994654
0.995663
1.004344
0.977579
0.990882
0.991012
1.004984
0.987401
0.972439
0.992874
1.002770
0.993414
0.986746
1.005748
1.001153
1.017484
0.978376
1.009403
1.007742
1.003873
0.994103
0.984455
0.993201
1.000382
0.978728
0.954738
0.996637
0.971687
0.972384
1.011417
0.941594
1.005590
0.987235
1.014346
0.995228
1.005323
1.001972
0.979210
1.006204
1.012194
1.008901
0.985376
1.001677
0.974447
0.990023
1.000717
1.008454
0.985854
0.986132
0.989479
0.935509
0.982202
0.987758
0.989852
0.995519
0.995764
0.997226
