574.587037
576.465921
579.445132
581.455964
584.399189
585.479208
587.904877
590.038521
592.588085
595.870054
598.181723
600.781054
603.640817
606.006834
607.696134
610.954051
613.486250
615.188121
617.734915
619.811030
621.968422
623.917206
626.620452
630.093885
632.403081
635.140721
637.258225
639.194891
641.319476
643.432234
645.644088
648.705211
651.100522
653.957666
655.819282
658.127583
660.910928
661.928561
666.000000
667.144698
669.958895
672.358025
676.534848
678.554071
681.701049
683.159890
686.629895
689.322503
692.096767
694.973636
698.123852
701.196660
704.325525
705.755707
707.762708
709.453350
711.280915
713.915751
716.294831
718.832782
721.192381
